# Forces          
# CofR            : (0.0000000000e+00 0.0000000000e+00 0.0000000000e+00)
# Time            forces(pressure viscous)	moments(pressure viscous)
0                 	((0.0000000000e+00 0.0000000000e+00 0.0000000000e+00) (1.0094515547e-01 1.3375115592e-05 -2.2761526973e-06)) ((0.0000000000e+00 0.0000000000e+00 0.0000000000e+00) (-1.9403698092e-06 3.8123061916e-05 4.2952298948e-07))
1                 	((6.8191454770e+00 2.6696202751e-02 1.6127998682e-01) (1.0132796054e-01 1.0723853090e-05 -1.6652526372e-05)) ((-3.9490715454e-02 1.8027851853e-01 -2.3589158020e-02) (2.5772964115e-06 3.2470254728e-05 2.7965351854e-06))
2                 	((5.1014191921e+00 5.5902956041e-02 2.1206359289e-04) (1.0115880476e-01 1.2371196779e-05 8.4488398236e-06)) ((-3.3976908220e-02 1.5348462526e-01 -1.6322875202e-02) (5.5612960974e-06 1.6266754837e-05 1.9899109737e-06))
3                 	((3.4012410378e+00 6.2061011491e-02 -9.7968299525e-02) (1.0094501765e-01 1.1739404496e-05 9.7836580543e-06)) ((-3.1266058067e-02 1.4286217225e-01 -7.7605970666e-03) (7.6327988301e-06 9.6360501053e-06 -1.5811240657e-07))
4                 	((2.5438676536e+00 6.2160020386e-02 -1.7524549074e-01) (1.0071983911e-01 9.3192864452e-06 1.6042720182e-05)) ((-3.1886199679e-02 1.4839615317e-01 1.6262911300e-03) (8.0036312170e-06 9.3415856801e-06 2.0961705232e-06))
5                 	((2.1796789747e+00 5.8102693436e-02 -2.3042462355e-01) (1.0050077267e-01 5.4990766493e-06 2.4144293416e-05)) ((-3.3335935088e-02 1.5467811540e-01 9.4393470857e-03) (7.0420338521e-06 7.5933123566e-06 5.4326250061e-06))
6                 	((2.0278350293e+00 5.5616133428e-02 -2.6807883395e-01) (1.0031246001e-01 2.8117810357e-07 2.9474521411e-05)) ((-3.5346740834e-02 1.6185822724e-01 1.4456935180e-02) (5.3266298859e-06 5.9314510577e-06 7.8167989237e-06))
7                 	((1.9581190981e+00 5.4745017000e-02 -2.8037854558e-01) (1.0015151898e-01 -5.1027369972e-06 3.2439694077e-05)) ((-3.6963046695e-02 1.7306505716e-01 1.7852960109e-02) (3.4536782322e-06 6.6196935557e-06 9.2295437453e-06))
8                 	((1.9245198543e+00 5.5815541655e-02 -2.8106407916e-01) (1.0001243104e-01 -9.2631934502e-06 3.4117652996e-05)) ((-3.8062303994e-02 1.7869960084e-01 1.9992505935e-02) (1.5655431802e-06 7.8436617367e-06 9.7660401661e-06))
9                 	((1.9111366721e+00 5.7794159870e-02 -2.7697613533e-01) (9.9889868848e-02 -1.1313716658e-05 3.5150833738e-05)) ((-3.8827776894e-02 1.7722152974e-01 2.1415500926e-02) (-3.3318498628e-07 9.2564220433e-06 9.5140775103e-06))
10                	((1.9089216214e+00 5.9834537025e-02 -2.6965749908e-01) (9.9781256232e-02 -1.1876207850e-05 3.4209151507e-05)) ((-3.9479404978e-02 1.7299764073e-01 2.2516643172e-02) (-1.9694638061e-06 1.0740940355e-05 9.3702233701e-06))
11                	((1.9121278787e+00 6.1324164142e-02 -2.6422377918e-01) (9.9685279584e-02 -1.1565214755e-05 3.4298545911e-05)) ((-3.9983280915e-02 1.7082176505e-01 2.2856210136e-02) (-3.4410946931e-06 1.1791419367e-05 9.3140566721e-06))
12                	((1.9166371427e+00 6.2638016717e-02 -2.6217239043e-01) (9.9600646347e-02 -1.0995729330e-05 3.5719477874e-05)) ((-4.0305948840e-02 1.7101557557e-01 2.2843815441e-02) (-4.8292738504e-06 1.1951955469e-05 9.3271082129e-06))
13                	((1.9209169076e+00 6.3913548344e-02 -2.6172720795e-01) (9.9526268314e-02 -1.0439839347e-05 3.6318948242e-05)) ((-4.0546094266e-02 1.7251966425e-01 2.2859684232e-02) (-6.0510098558e-06 1.2466901098e-05 9.3519184936e-06))
14                	((1.9244594027e+00 6.5128828158e-02 -2.6378862710e-01) (9.9461113112e-02 -1.0110204128e-05 3.6969843917e-05)) ((-4.0883068097e-02 1.7551974773e-01 2.3027677740e-02) (-7.0726963673e-06 1.2883582557e-05 9.1655562876e-06))
15                	((1.9272349072e+00 6.6079098730e-02 -2.6687298863e-01) (9.9405029796e-02 -9.7629266567e-06 3.7640550444e-05)) ((-4.1295442600e-02 1.7888712358e-01 2.3245706702e-02) (-7.8985869769e-06 1.3198076825e-05 8.9431785652e-06))
16                	((1.9292845504e+00 6.6714775423e-02 -2.6997643561e-01) (9.9358606113e-02 -9.7585452869e-06 3.8013872022e-05)) ((-4.1711458440e-02 1.8215334350e-01 2.3364670511e-02) (-8.5953677280e-06 1.3541741700e-05 8.4552625509e-06))
17                	((1.9305271946e+00 6.7047811655e-02 -2.7120813175e-01) (9.9321670423e-02 -9.9510127838e-06 3.8018476984e-05)) ((-4.2131045617e-02 1.8407740416e-01 2.3350780090e-02) (-9.1508881053e-06 1.3899777051e-05 7.8934949696e-06))
18                	((1.9309247157e+00 6.7186307531e-02 -2.7055372649e-01) (9.9293666648e-02 -1.0038506349e-05 3.7732267220e-05)) ((-4.2516466375e-02 1.8479002748e-01 2.3216300268e-02) (-9.5540156892e-06 1.4318743758e-05 7.4035883285e-06))
19                	((1.9305891026e+00 6.7194753414e-02 -2.6759095933e-01) (9.9273227959e-02 -9.8428053517e-06 3.7275758982e-05)) ((-4.2795071791e-02 1.8389150669e-01 2.3041895999e-02) (-9.8153786203e-06 1.4787228151e-05 7.1589209496e-06))
20                	((1.9296336724e+00 6.7079020255e-02 -2.6338778287e-01) (9.9259404557e-02 -9.5759591350e-06 3.6544820974e-05)) ((-4.2946258753e-02 1.8192744210e-01 2.2860418526e-02) (-9.9696959442e-06 1.5387067561e-05 7.0374466078e-06))
21                	((1.9282038568e+00 6.6841136903e-02 -2.5867138352e-01) (9.9250883228e-02 -9.2877022453e-06 3.5735990174e-05)) ((-4.3006359750e-02 1.7933535522e-01 2.2636506838e-02) (-1.0063757125e-05 1.6017191380e-05 7.0305188268e-06))
22                	((1.9265421216e+00 6.6561187135e-02 -2.5391128027e-01) (9.9246577767e-02 -8.9322873030e-06 3.4974226769e-05)) ((-4.3005375434e-02 1.7643372747e-01 2.2401522931e-02) (-1.0115507325e-05 1.6601383056e-05 7.1079967090e-06))
23                	((1.9248869109e+00 6.6267379663e-02 -2.4940321711e-01) (9.9245367957e-02 -8.5405348743e-06 3.4326363427e-05)) ((-4.2972946285e-02 1.7345079704e-01 2.2164261738e-02) (-1.0140708946e-05 1.7119121462e-05 7.2547353429e-06))
24                	((1.9233958290e+00 6.5970804316e-02 -2.4538865634e-01) (9.9246177481e-02 -8.1450471767e-06 3.3821865985e-05)) ((-4.2929493171e-02 1.7063186582e-01 2.1925271427e-02) (-1.0149683603e-05 1.7550779700e-05 7.4454461940e-06))
25                	((1.9221697647e+00 6.5674186779e-02 -2.4205546859e-01) (9.9248104812e-02 -7.7807374085e-06 3.3470543706e-05)) ((-4.2887484508e-02 1.6818077952e-01 2.1685547798e-02) (-1.0148404724e-05 1.7880747891e-05 7.6457658112e-06))
26                	((1.9212428340e+00 6.5384916042e-02 -2.3948233829e-01) (9.9250474716e-02 -7.4766864997e-06 3.3267115446e-05)) ((-4.2852463487e-02 1.6620688438e-01 2.1455036255e-02) (-1.0142137912e-05 1.8105168303e-05 7.8278609936e-06))
27                	((1.9205991038e+00 6.5115461722e-02 -2.3762215168e-01) (9.9252858888e-02 -7.2424481961e-06 3.3178182469e-05)) ((-4.2826574410e-02 1.6471192485e-01 2.1244728582e-02) (-1.0133480929e-05 1.8239890375e-05 7.9777708250e-06))
28                	((1.9201940331e+00 6.4879661956e-02 -2.3636042543e-01) (9.9255007169e-02 -7.0760191728e-06 3.3166742208e-05)) ((-4.2809812821e-02 1.6363971711e-01 2.1063283102e-02) (-1.0123885585e-05 1.8307065836e-05 8.0905288380e-06))
29                	((1.9199734881e+00 6.4682698408e-02 -2.3555889603e-01) (9.9256806324e-02 -6.9676240173e-06 3.3200429234e-05)) ((-4.2800707474e-02 1.6291007279e-01 2.0913230785e-02) (-1.0114360395e-05 1.8329104089e-05 8.1689479576e-06))
30                	((1.9198799799e+00 6.4524678025e-02 -2.3509121460e-01) (9.9258235181e-02 -6.9022686937e-06 3.3254184177e-05)) ((-4.2797244374e-02 1.6244351120e-01 2.0793544349e-02) (-1.0105475438e-05 1.8324687883e-05 8.2203262871e-06))
31                	((1.9198705068e+00 6.4402105846e-02 -2.3484470818e-01) (9.9259323287e-02 -6.8657355697e-06 3.3311115782e-05)) ((-4.2797474936e-02 1.6216370992e-01 2.0700968844e-02) (-1.0097662052e-05 1.8308003962e-05 8.2524724734e-06))
32                	((1.9199087503e+00 6.4310537475e-02 -2.3473653717e-01) (9.9260123298e-02 -6.8467274851e-06 3.3362853380e-05)) ((-4.2799749977e-02 1.6200909675e-01 2.0631428481e-02) (-1.0091185922e-05 1.8287279038e-05 8.2720413984e-06))
33                	((1.9199679633e+00 6.4243411992e-02 -2.3470745189e-01) (9.9260693824e-02 -6.8377761169e-06 3.3405866408e-05)) ((-4.2802853916e-02 1.6193454926e-01 2.0580499623e-02) (-1.0086124567e-05 1.8267258808e-05 8.2837896405e-06))
34                	((1.9200314616e+00 6.4194699047e-02 -2.3471190666e-01) (9.9261089959e-02 -6.8345799619e-06 3.3439751559e-05)) ((-4.2804554261e-02 1.6190298334e-01 2.0543265080e-02) (-1.0082195556e-05 1.8250017294e-05 8.2909257301e-06))
35                	((1.9200882729e+00 6.4161038687e-02 -2.3474159068e-01) (9.9261358110e-02 -6.8350304298e-06 3.3464295734e-05)) ((-4.2806854663e-02 1.6190266795e-01 2.0517635061e-02) (-1.0079580719e-05 1.8237155047e-05 8.2941154590e-06))
36                	((1.9201345904e+00 6.4137158568e-02 -2.3477919152e-01) (9.9261535044e-02 -6.8367724748e-06 3.3482131616e-05)) ((-4.2809140042e-02 1.6191622251e-01 2.0500043907e-02) (-1.0078041083e-05 1.8227494979e-05 8.2954145414e-06))
37                	((1.9201694152e+00 6.4120164664e-02 -2.3481496080e-01) (9.9261649074e-02 -6.8384887113e-06 3.3495276641e-05)) ((-4.2810969990e-02 1.6193394001e-01 2.0488091616e-02) (-1.0077181139e-05 1.8220264828e-05 8.2959525957e-06))
38                	((1.9201943211e+00 6.4108356801e-02 -2.3484529395e-01) (9.9261720960e-02 -6.8397195371e-06 3.3505080639e-05)) ((-4.2812282975e-02 1.6195149573e-01 2.0480135580e-02) (-1.0076697683e-05 1.8214915858e-05 8.2961467761e-06))
39                	((1.9202114493e+00 6.4100610806e-02 -2.3486895663e-01) (9.9261765262e-02 -6.8405898090e-06 3.3512506572e-05)) ((-4.2813179916e-02 1.6196693537e-01 2.0475056231e-02) (-1.0076418967e-05 1.8210987033e-05 8.2961433679e-06))
40                	((1.9202222339e+00 6.4095406807e-02 -2.3488920965e-01) (9.9261791855e-02 -6.8413694109e-06 3.3518195668e-05)) ((-4.2813792344e-02 1.6198043251e-01 2.0471952810e-02) (-1.0076268903e-05 1.8208058552e-05 8.2960170020e-06))
41                	((1.9202275274e+00 6.4093160321e-02 -2.3490463874e-01) (9.9261805147e-02 -6.8420061656e-06 3.3522725982e-05)) ((-4.2814192524e-02 1.6199107591e-01 2.0470647145e-02) (-1.0076200474e-05 1.8205779222e-05 8.2958009369e-06))
42                	((1.9202306412e+00 6.4091958476e-02 -2.3491613719e-01) (9.9261812578e-02 -6.8424487933e-06 3.3526426157e-05)) ((-4.2814492872e-02 1.6199925289e-01 2.0470093847e-02) (-1.0076172279e-05 1.8203895761e-05 8.2957495976e-06))
43                	((1.9202326246e+00 6.4091351133e-02 -2.3492452374e-01) (9.9261816251e-02 -6.8427016287e-06 3.3529417550e-05)) ((-4.2814724622e-02 1.6200547455e-01 2.0469911642e-02) (-1.0076150650e-05 1.8202318774e-05 8.2958780618e-06))
44                	((1.9202338800e+00 6.4091175119e-02 -2.3493035240e-01) (9.9261818075e-02 -6.8427669556e-06 3.3531723160e-05)) ((-4.2814891245e-02 1.6200987181e-01 2.0469830499e-02) (-1.0076123160e-05 1.8201022449e-05 8.2961631282e-06))
45                	((1.9202347507e+00 6.4090875094e-02 -2.3493482596e-01) (9.9261819125e-02 -6.8427279805e-06 3.3533420787e-05)) ((-4.2815033246e-02 1.6201359344e-01 2.0469742741e-02) (-1.0076088648e-05 1.8200002624e-05 8.2965534257e-06))
46                	((1.9202354076e+00 6.4090602327e-02 -2.3493851715e-01) (9.9261819940e-02 -6.8426762148e-06 3.3534573036e-05)) ((-4.2815143281e-02 1.6201659975e-01 2.0469638428e-02) (-1.0076056971e-05 1.8199256501e-05 8.2969553688e-06))
47                	((1.9202358521e+00 6.4090343716e-02 -2.3494304305e-01) (9.9261820840e-02 -6.8427191594e-06 3.3535360124e-05)) ((-4.2815226546e-02 1.6201953634e-01 2.0469566665e-02) (-1.0076049466e-05 1.8198788801e-05 8.2972748544e-06))
48                	((1.9202362539e+00 6.4090153130e-02 -2.3494580526e-01) (9.9261821826e-02 -6.8428738282e-06 3.3535856145e-05)) ((-4.2815294452e-02 1.6202146554e-01 2.0469447904e-02) (-1.0076049527e-05 1.8198452289e-05 8.2974728950e-06))
49                	((1.9202365944e+00 6.4090015024e-02 -2.3494739969e-01) (9.9261823059e-02 -6.8431293232e-06 3.3536088246e-05)) ((-4.2815356685e-02 1.6202268850e-01 2.0469310714e-02) (-1.0076054584e-05 1.8198261614e-05 8.2975487735e-06))
50                	((1.9202368508e+00 6.4089911792e-02 -2.3494823650e-01) (9.9261824523e-02 -6.8434770739e-06 3.3536080616e-05)) ((-4.2815416646e-02 1.6202340923e-01 2.0469175495e-02) (-1.0076064486e-05 1.8198198320e-05 8.2975068841e-06))
