/*--------------------------------*- C++ -*----------------------------------*\
  =========                 |
  \\      /  F ield         | OpenFOAM: The Open Source CFD Toolbox
   \\    /   O peration     | Website:  https://openfoam.org
    \\  /    A nd           | Version:  11
     \\/     M anipulation  |
\*---------------------------------------------------------------------------*/
FoamFile
{
    format      ascii;
    class       cellSet;
    location    "constant/polyMesh/sets";
    object      concaveCells;
}
// * * * * * * * * * * * * * * * * * * * * * * * * * * * * * * * * * * * * * //


345
(
6144 
10240 
6145 
6657 
10241 
6146 
6658 
10242 
6147 
10243 
6148 
6660 
10757 
10758 
4103 
10247 
4104 
10248 
10249 
10762 
10250 
10763 
10764 
10765 
10254 
4111 
10255 
10768 
4112 
10256 
10257 
10259 
10260 
10262 
10776 
10777 
10266 
10267 
10268 
6685 
6686 
10783 
10784 
6688 
6689 
6690 
6691 
10789 
6693 
4134 
6694 
10797 
10798 
4145 
10803 
10810 
6717 
6718 
6720 
6721 
10818 
6722 
10819 
6723 
6725 
4166 
6726 
4681 
4686 
10320 
4177 
10326 
10327 
10332 
10334 
6751 
6753 
6754 
10339 
6756 
10340 
4199 
4711 
4200 
4712 
10346 
10347 
4207 
4719 
4208 
4720 
4742 
4233 
4234 
4235 
4236 
4237 
4238 
4753 
4773 
10407 
4776 
10408 
10409 
10413 
4783 
10415 
10416 
4786 
10419 
10420 
10421 
10426 
10427 
10428 
10433 
10434 
10435 
4805 
10440 
10441 
5321 
10442 
5326 
4816 
10450 
4818 
10451 
10459 
10460 
10466 
10467 
4838 
10471 
5351 
10472 
5352 
4841 
4842 
4843 
4844 
4845 
4846 
5359 
10480 
5360 
10481 
4849 
10485 
10486 
10492 
10493 
10501 
10502 
5382 
4871 
10504 
4872 
10505 
5385 
10506 
10507 
5388 
5390 
10511 
4879 
10512 
4880 
5393 
10518 
10519 
10525 
10526 
10527 
10528 
10531 
11557 
5413 
11558 
4905 
11564 
11565 
5421 
4910 
5423 
11569 
11570 
11576 
11577 
11585 
11586 
5442 
5444 
10565 
11592 
5448 
11593 
10570 
11596 
10572 
10573 
11598 
11599 
11602 
11604 
11607 
11608 
11611 
5468 
11614 
5470 
5983 
5984 
5985 
5986 
5987 
5988 
5477 
5479 
11626 
11627 
11632 
11633 
11639 
11640 
11644 
10620 
11645 
10621 
5501 
6013 
5502 
6014 
10625 
11651 
11652 
5509 
6021 
10630 
5510 
6022 
10631 
10632 
11657 
3465 
11658 
3467 
3468 
3470 
11663 
10639 
10646 
11673 
10651 
11676 
10652 
6044 
10653 
5535 
6047 
11680 
6049 
11682 
10658 
6050 
10659 
5540 
6052 
3495 
6055 
3496 
10665 
10666 
3498 
3499 
3500 
3501 
11695 
3503 
11696 
10672 
3504 
10673 
11698 
10674 
11702 
10679 
10680 
10683 
10684 
6076 
6078 
6080 
6081 
6082 
6083 
6085 
3527 
6087 
3528 
3530 
11723 
3531 
3532 
3533 
3535 
3536 
11731 
11732 
10708 
10709 
11738 
11739 
10716 
10717 
6109 
6110 
11744 
10724 
10725 
6117 
6118 
11751 
10727 
10728 
10729 
3561 
4073 
10730 
4074 
3563 
4075 
3564 
4076 
4077 
3566 
4078 
10736 
10737 
10233 
10234 
10235 
10236 
6143 
6655 
)

// ************************************************************************* //
