# Forces          
# CofR            : (0.0000000000e+00 0.0000000000e+00 0.0000000000e+00)
# Time            forces(pressure viscous)	moments(pressure viscous)
0                 	((0.0000000000e+00 0.0000000000e+00 0.0000000000e+00) (5.0472577735e-02 6.6875577960e-06 -1.1380763486e-06)) ((0.0000000000e+00 0.0000000000e+00 0.0000000000e+00) (-9.7018490460e-07 1.9061530958e-05 2.1476149474e-07))
1                 	((1.7053776532e+00 6.6813031922e-03 4.0286951647e-02) (5.0643424801e-02 5.3417175091e-06 -8.2448672113e-06)) ((-9.8765145049e-03 4.5113847286e-02 -5.8916193975e-03) (1.2798429213e-06 1.6158256199e-05 1.3813067820e-06))
2                 	((1.2756148044e+00 1.3977028010e-02 7.6169492140e-05) (5.0546883529e-02 6.1673071140e-06 4.2464719317e-06)) ((-8.4989616898e-03 3.8347949514e-02 -4.0753749176e-03) (2.7791669773e-06 8.0908956346e-06 1.0028970817e-06))
3                 	((8.5046608817e-01 1.5508167892e-02 -2.4449778767e-02) (5.0429654939e-02 5.8721804496e-06 4.8724943556e-06)) ((-7.8235765861e-03 3.5661200259e-02 -1.9372521542e-03) (3.8109257054e-06 4.7984170802e-06 -3.4605100913e-08))
4                 	((6.3607197927e-01 1.5523187460e-02 -4.3722184500e-02) (5.0308016006e-02 4.6315573022e-06 7.9958971283e-06)) ((-7.9825816053e-03 3.7014563094e-02 4.0645361862e-04) (3.9887762118e-06 4.6302194741e-06 1.0673139271e-06))
5                 	((5.4496061243e-01 1.4518554407e-02 -5.7473545077e-02) (5.0191035904e-02 2.7225181054e-06 1.2042390186e-05)) ((-8.3496440589e-03 3.8578201467e-02 2.3590598887e-03) (3.4990082362e-06 3.7454357579e-06 2.7301440293e-06))
6                 	((5.0693122708e-01 1.3883757631e-02 -6.6892905783e-02) (5.0090504106e-02 8.3626806783e-08 1.4703887855e-05)) ((-8.8458785603e-03 4.0396793252e-02 3.6053237341e-03) (2.6496152050e-06 2.9040923502e-06 3.9225061229e-06))
7                 	((4.8942310612e-01 1.3661924895e-02 -6.9963573162e-02) (5.0004140763e-02 -2.6164052699e-06 1.6148750218e-05)) ((-9.2476813247e-03 4.3196938997e-02 4.4524131366e-03) (1.7107261138e-06 3.2555076923e-06 4.6362217719e-06))
8                 	((4.8094219321e-01 1.3933532328e-02 -7.0110633949e-02) (4.9929228762e-02 -4.6561381575e-06 1.6997815251e-05)) ((-9.5159306614e-03 4.4581369020e-02 4.9867221911e-03) (7.6721671778e-07 3.8711052718e-06 4.9180865041e-06))
9                 	((4.7751557331e-01 1.4405091083e-02 -6.9093233562e-02) (4.9863209015e-02 -5.6744711267e-06 1.7570028778e-05)) ((-9.6980633169e-03 4.4195546613e-02 5.3387750994e-03) (-1.7651228668e-07 4.6338122019e-06 4.7433583206e-06))
10                	((4.7688740315e-01 1.4906954326e-02 -6.7247747663e-02) (4.9805250339e-02 -5.9586247458e-06 1.7080474440e-05)) ((-9.8582177068e-03 4.3109793637e-02 5.6095122237e-03) (-1.0008884639e-06 5.3958455143e-06 4.6339250801e-06))
11                	((4.7761681163e-01 1.5281576791e-02 -6.5860787383e-02) (4.9754284788e-02 -5.7980443240e-06 1.7135099746e-05)) ((-9.9835976771e-03 4.2542861281e-02 5.6948076995e-03) (-1.7474560032e-06 5.9363589516e-06 4.6019491439e-06))
12                	((4.7866260767e-01 1.5611311936e-02 -6.5409363601e-02) (4.9709428524e-02 -5.5398118951e-06 1.7860725627e-05)) ((-1.0066172201e-02 4.2608796878e-02 5.6901615242e-03) (-2.4454188420e-06 6.0172868899e-06 4.5590940032e-06))
13                	((4.7965980273e-01 1.5934128276e-02 -6.5326081012e-02) (4.9669953792e-02 -5.3015130753e-06 1.8199585009e-05)) ((-1.0127878132e-02 4.3000806179e-02 5.6920423593e-03) (-3.0588405357e-06 6.2625581453e-06 4.5178446933e-06))
14                	((4.8047938431e-01 1.6252463484e-02 -6.5811770564e-02) (4.9635886877e-02 -5.1351669611e-06 1.8552276764e-05)) ((-1.0213486584e-02 4.3732902207e-02 5.7369526483e-03) (-3.5687402523e-06 6.4626722458e-06 4.3951457930e-06))
15                	((4.8111608559e-01 1.6477745853e-02 -6.6567674548e-02) (4.9606806987e-02 -4.9046387557e-06 1.8896501085e-05)) ((-1.0314381575e-02 4.4566037296e-02 5.7780485631e-03) (-3.9825008965e-06 6.6054597383e-06 4.2883262930e-06))
16                	((4.8157837248e-01 1.6625175746e-02 -6.7330440202e-02) (4.9582690120e-02 -4.8167325641e-06 1.9076966254e-05)) ((-1.0414899738e-02 4.5375251681e-02 5.8002520788e-03) (-4.3318026893e-06 6.7688697104e-06 4.0973236280e-06))
17                	((4.8183877892e-01 1.6700535068e-02 -6.7546896246e-02) (4.9563209216e-02 -4.8048546144e-06 1.9070376616e-05)) ((-1.0514333143e-02 4.5808569763e-02 5.7933314088e-03) (-4.6120183407e-06 6.9540589671e-06 3.8936185910e-06))
18                	((4.8189836807e-01 1.6720820058e-02 -6.7301266713e-02) (4.9548258442e-02 -4.7488990501e-06 1.8891630582e-05)) ((-1.0600084029e-02 4.5947576293e-02 5.7545388906e-03) (-4.8168528298e-06 7.1899254758e-06 3.7223174889e-06))
19                	((4.8177925506e-01 1.6711363754e-02 -6.6569378406e-02) (4.9537357253e-02 -4.6662064452e-06 1.8590521948e-05)) ((-1.0659988590e-02 4.5727180284e-02 5.7056695972e-03) (-4.9566762535e-06 7.4711793087e-06 3.5953045230e-06))
20                	((4.8150442918e-01 1.6681838246e-02 -6.5508413563e-02) (4.9529908542e-02 -4.5239755878e-06 1.8228662943e-05)) ((-1.0690299525e-02 4.5236583326e-02 5.6590905139e-03) (-5.0451238054e-06 7.7770949934e-06 3.5376789787e-06))
21                	((4.8111449643e-01 1.6621333773e-02 -6.4325091391e-02) (4.9525223573e-02 -4.3630159066e-06 1.7842304785e-05)) ((-1.0700986552e-02 4.4587357861e-02 5.6022079320e-03) (-5.0989602691e-06 8.0916210489e-06 3.5442650736e-06))
22                	((4.8067583581e-01 1.6545235876e-02 -6.3124961107e-02) (4.9522746050e-02 -4.1674414743e-06 1.7476308502e-05)) ((-1.0699701793e-02 4.3851140124e-02 5.5396792957e-03) (-5.1251675604e-06 8.3870208124e-06 3.5987762506e-06))
23                	((4.8024645873e-01 1.6462496977e-02 -6.1985998911e-02) (4.9521913663e-02 -3.9535637488e-06 1.7161606247e-05)) ((-1.0692059855e-02 4.3098263818e-02 5.4741757210e-03) (-5.1336972671e-06 8.6508607435e-06 3.6902064145e-06))
24                	((4.7986444701e-01 1.6380539952e-02 -6.0970685662e-02) (4.9522168068e-02 -3.7468835071e-06 1.6914538940e-05)) ((-1.0681774143e-02 4.2388312805e-02 5.4089849976e-03) (-5.1330001891e-06 8.8713511266e-06 3.7974059266e-06))
25                	((4.7955145732e-01 1.6301369071e-02 -6.0125431164e-02) (4.9523038994e-02 -3.5685561974e-06 1.6742850000e-05)) ((-1.0671200350e-02 4.1768787689e-02 5.3453504946e-03) (-5.1285597660e-06 9.0390195098e-06 3.9002092294e-06))
26                	((4.7931390740e-01 1.6226706894e-02 -5.9467818481e-02) (4.9524160996e-02 -3.4282142653e-06 1.6641671908e-05)) ((-1.0661904697e-02 4.1265942029e-02 5.2855136647e-03) (-5.1231163258e-06 9.1532911664e-06 3.9880169069e-06))
27                	((4.7914763265e-01 1.6158473811e-02 -5.8992004267e-02) (4.9525319079e-02 -3.3282319330e-06 1.6593176928e-05)) ((-1.0654603485e-02 4.0884843921e-02 5.2315876347e-03) (-5.1178859440e-06 9.2240353848e-06 4.0541762920e-06))
28                	((4.7904151497e-01 1.6098864656e-02 -5.8670154668e-02) (4.9526378091e-02 -3.2647148869e-06 1.6582144033e-05)) ((-1.0649499575e-02 4.0611868559e-02 5.1851202210e-03) (-5.1135212679e-06 9.2609482524e-06 4.0989495600e-06))
29                	((4.7898205864e-01 1.6048933203e-02 -5.8466612580e-02) (4.9527273693e-02 -3.2292210610e-06 1.6593970023e-05)) ((-1.0646342508e-02 4.0426182609e-02 5.1466909521e-03) (-5.1100924657e-06 9.2746107689e-06 4.1264809414e-06))
30                	((4.7895561774e-01 1.6008265657e-02 -5.8346887893e-02) (4.9527992097e-02 -3.2115591652e-06 1.6616649972e-05)) ((-1.0644752895e-02 4.0306038659e-02 5.1156795203e-03) (-5.1074130109e-06 9.2743647356e-06 4.1425991656e-06))
31                	((4.7895050639e-01 1.5976288283e-02 -5.8281916189e-02) (4.9528544360e-02 -3.2030762307e-06 1.6642343565e-05)) ((-1.0644291811e-02 4.0232324172e-02 5.0914106220e-03) (-5.1053290291e-06 9.2670811631e-06 4.1523756859e-06))
32                	((4.7895748330e-01 1.5952388323e-02 -5.8251811368e-02) (4.9528951967e-02 -3.1983415486e-06 1.6666804220e-05)) ((-1.0644504412e-02 4.0190438677e-02 5.0731997816e-03) (-5.1037578834e-06 9.2570546851e-06 4.1589235094e-06))
33                	((4.7897036123e-01 1.5934824750e-02 -5.8241661458e-02) (4.9529243493e-02 -3.1953650856e-06 1.6687595390e-05)) ((-1.0645034412e-02 4.0168959591e-02 5.0598780443e-03) (-5.1026193422e-06 9.2471806425e-06 4.1635671151e-06))
34                	((4.7898484611e-01 1.5921900105e-02 -5.8240157110e-02) (4.9529446406e-02 -3.1937262794e-06 1.6704781795e-05)) ((-1.0645292101e-02 4.0158871854e-02 5.0500811728e-03) (-5.1017791890e-06 9.2383860588e-06 4.1671238623e-06))
35                	((4.7899816165e-01 1.5912774003e-02 -5.8245099777e-02) (4.9529584122e-02 -3.1928620960e-06 1.6717333468e-05)) ((-1.0645748990e-02 4.0156693748e-02 5.0432185125e-03) (-5.1012723903e-06 9.2317773950e-06 4.1693581312e-06))
36                	((4.7900923640e-01 1.5906254082e-02 -5.8252294974e-02) (4.9529675404e-02 -3.1920436448e-06 1.6726389963e-05)) ((-1.0646235135e-02 4.0158233493e-02 5.0384780493e-03) (-5.1010202626e-06 9.2268655316e-06 4.1710803094e-06))
37                	((4.7901768993e-01 1.5901607475e-02 -5.8259404098e-02) (4.9529734559e-02 -3.1910101670e-06 1.6732993809e-05)) ((-1.0646623406e-02 4.0161119459e-02 5.0352484929e-03) (-5.1008927209e-06 9.2232511393e-06 4.1725964739e-06))
38                	((4.7902378112e-01 1.5898367256e-02 -5.8265546833e-02) (4.9529772018e-02 -3.1898089933e-06 1.6737893910e-05)) ((-1.0646890023e-02 4.0164262984e-02 5.0330942224e-03) (-5.1008060451e-06 9.2206024643e-06 4.1739252587e-06))
39                	((4.7902799355e-01 1.5896230136e-02 -5.8270409070e-02) (4.9529795196e-02 -3.1886913168e-06 1.6741608770e-05)) ((-1.0647061406e-02 4.0167179128e-02 5.0317055536e-03) (-5.1007262852e-06 9.2186520645e-06 4.1750134875e-06))
40                	((4.7903066106e-01 1.5894715305e-02 -5.8274682408e-02) (4.9529809174e-02 -3.1878762659e-06 1.6744475142e-05)) ((-1.0647175186e-02 4.0169869389e-02 5.0308190078e-03) (-5.1006530841e-06 9.2171810408e-06 4.1758382393e-06))
41                	((4.7903197355e-01 1.5893999176e-02 -5.8278057645e-02) (4.9529816250e-02 -3.1872998436e-06 1.6746773854e-05)) ((-1.0647242298e-02 4.0172094078e-02 5.0303996896e-03) (-5.1005889757e-06 9.2160158232e-06 4.1764162376e-06))
42                	((4.7903276682e-01 1.5893539134e-02 -5.8280602842e-02) (4.9529820311e-02 -3.1869011712e-06 1.6748648168e-05)) ((-1.0647297617e-02 4.0173854047e-02 5.0301698655e-03) (-5.1005292269e-06 9.2150491870e-06 4.1768899040e-06))
43                	((4.7903329352e-01 1.5893226925e-02 -5.8282575672e-02) (4.9529822334e-02 -3.1866281690e-06 1.6750147557e-05)) ((-1.0647345746e-02 4.0175298990e-02 5.0300343741e-03) (-5.1004674233e-06 9.2142435819e-06 4.1773016248e-06))
44                	((4.7903365280e-01 1.5893072768e-02 -5.8284036021e-02) (4.9529823336e-02 -3.1864312439e-06 1.6751278848e-05)) ((-1.0647383894e-02 4.0176376521e-02 5.0299441851e-03) (-5.1004026487e-06 9.2135962447e-06 4.1776668735e-06))
45                	((4.7903392511e-01 1.5892893979e-02 -5.8285143419e-02) (4.9529823945e-02 -3.1863084677e-06 1.6752082749e-05)) ((-1.0647422228e-02 4.0177309561e-02 5.0298607366e-03) (-5.1003375611e-06 9.2131066151e-06 4.1779907499e-06))
46                	((4.7903412838e-01 1.5892725713e-02 -5.8286499402e-02) (4.9529824443e-02 -3.1862722521e-06 1.6752639857e-05)) ((-1.0647451440e-02 4.0178239687e-02 5.0297882001e-03) (-5.1002831378e-06 9.2127873862e-06 4.1782473832e-06))
47                	((4.7903431289e-01 1.5892601643e-02 -5.8287422099e-02) (4.9529824875e-02 -3.1863099221e-06 1.6752999804e-05)) ((-1.0647478875e-02 4.0178904911e-02 5.0297179016e-03) (-5.1002371559e-06 9.2125530490e-06 4.1784317811e-06))
48                	((4.7903447220e-01 1.5892512847e-02 -5.8288026611e-02) (4.9529825385e-02 -3.1864175626e-06 1.6753181341e-05)) ((-1.0647506358e-02 4.0179367459e-02 5.0296543093e-03) (-5.1002007380e-06 9.2124147950e-06 4.1785404970e-06))
49                	((4.7903459728e-01 1.5892446637e-02 -5.8288388681e-02) (4.9529826014e-02 -3.1865977626e-06 1.6753206686e-05)) ((-1.0647533337e-02 4.0179664694e-02 5.0295982449e-03) (-5.1001761409e-06 9.2123618914e-06 4.1785717643e-06))
50                	((4.7903469331e-01 1.5892395726e-02 -5.8288550483e-02) (4.9529826744e-02 -3.1868388684e-06 1.6753135181e-05)) ((-1.0647557994e-02 4.0179829245e-02 5.0295493404e-03) (-5.1001607151e-06 9.2123676928e-06 4.1785330954e-06))
